[(448, 114), (114, 44), (44, 346), (346, 819), (819, 36), (36, 599), (599, 372), (372, 121), (121, 883), (883, 541), (541, 139), (139, 480), (480, 53), (53, 277), (277, 787), (787, 854), (854, 521), (521, 165), (165, 330), (330, 68), (68, 870), (870, 302), (302, 205), (205, 109), (109, 781)]
[(448, 149), (149, 497), (497, 320), (320, 552), (552, 739), (739, 825), (825, 285), (285, 556), (556, 199), (199, 506), (506, 835), (835, 744), (744, 215), (215, 243), (243, 245), (245, 761), (761, 778), (778, 220), (220, 99), (99, 645), (645, 679), (679, 360), (360, 128), (128, 197), (197, 781)]
[(448, 34), (34, 583), (583, 124), (124, 111), (111, 582), (582, 904), (904, 758), (758, 23), (23, 227), (227, 860), (860, 520), (520, 192), (192, 837), (837, 359), (359, 260), (260, 768), (768, 382), (382, 409), (409, 588), (588, 165), (165, 741), (741, 68), (68, 909), (909, 310), (310, 224), (224, 560), (560, 781)]
[(448, 148), (148, 443), (443, 489), (489, 804), (804, 616), (616, 385), (385, 758), (758, 594), (594, 188), (188, 133), (133, 948), (948, 365), (365, 796), (796, 669), (669, 863), (863, 134), (134, 382), (382, 479), (479, 588), (588, 598), (598, 394), (394, 398), (398, 386), (386, 310), (310, 655), (655, 166), (166, 781)]
[(448, 296), (296, 497), (497, 580), (580, 279), (279, 222), (222, 286), (286, 301), (301, 193), (193, 667), (667, 116), (116, 860), (860, 910), (910, 520), (520, 433), (433, 796), (796, 815), (815, 850), (850, 175), (175, 134), (134, 782), (782, 479), (479, 324), (324, 42), (42, 559), (559, 576), (576, 871), (871, 869), (869, 302), (302, 785), (785, 69), (69, 781)]
[(448, 151), (151, 443), (443, 490), (490, 516), (516, 111), (111, 228), (228, 573), (573, 314), (314, 18), (18, 0), (0, 329), (329, 85), (85, 508), (508, 467), (467, 272), (272, 606), (606, 555), (555, 33), (33, 97), (97, 291), (291, 380), (380, 174), (174, 162), (162, 574), (574, 559), (559, 592), (592, 398), (398, 870), (870, 627), (627, 205), (205, 208), (208, 781)]
[(448, 240), (240, 352), (352, 698), (698, 608), (608, 78), (78, 631), (631, 760), (760, 242), (242, 801), (801, 548), (548, 640), (640, 604), (604, 129), (129, 945), (945, 605), (605, 843), (843, 730), (730, 518), (518, 256), (256, 619), (619, 243), (243, 429), (429, 776), (776, 29), (29, 896), (896, 59), (59, 671), (671, 332), (332, 511), (511, 679), (679, 898), (898, 278), (278, 213), (213, 781)]
[(448, 250), (250, 736), (736, 834), (834, 580), (580, 364), (364, 346), (346, 578), (578, 582), (582, 228), (228, 833), (833, 314), (314, 685), (685, 27), (27, 253), (253, 529), (529, 55), (55, 564), (564, 202), (202, 354), (354, 555), (555, 336), (336, 456), (456, 186), (186, 131), (131, 543), (543, 676), (676, 304), (304, 158), (158, 315), (315, 100), (100, 940), (940, 869), (869, 449), (449, 205), (205, 214), (214, 781)]
[(448, 4), (4, 240), (240, 928), (928, 402), (402, 374), (374, 943), (943, 599), (599, 286), (286, 420), (420, 901), (901, 533), (533, 227), (227, 384), (384, 85), (85, 370), (370, 529), (529, 654), (654, 40), (40, 11), (11, 354), (354, 575), (575, 223), (223, 789), (789, 186), (186, 439), (439, 542), (542, 173), (173, 802), (802, 836), (836, 691), (691, 288), (288, 576), (576, 62), (62, 386), (386, 601), (601, 302), (302, 923), (923, 218), (218, 781)]
[(448, 146), (146, 149), (149, 791), (791, 320), (320, 580), (580, 527), (527, 346), (346, 489), (489, 516), (516, 603), (603, 742), (742, 421), (421, 17), (17, 571), (571, 27), (27, 381), (381, 49), (49, 351), (351, 654), (654, 397), (397, 11), (11, 546), (546, 555), (555, 84), (84, 97), (97, 717), (717, 442), (442, 37), (37, 618), (618, 324), (324, 461), (461, 42), (42, 67), (67, 927), (927, 62), (62, 447), (447, 870), (870, 929), (929, 205), (205, 547), (547, 781)]
[(448, 185), (185, 114), (114, 736), (736, 497), (497, 402), (402, 580), (580, 819), (819, 222), (222, 7), (7, 95), (95, 301), (301, 333), (333, 667), (667, 533), (533, 473), (473, 384), (384, 170), (170, 508), (508, 939), (939, 492), (492, 272), (272, 82), (82, 546), (546, 575), (575, 118), (118, 456), (456, 789), (789, 425), (425, 587), (587, 543), (543, 406), (406, 676), (676, 836), (836, 858), (858, 625), (625, 35), (35, 100), (100, 273), (273, 268), (268, 306), (306, 302), (302, 924), (924, 237), (237, 781)]
[(448, 232), (232, 149), (149, 44), (44, 497), (497, 608), (608, 374), (374, 36), (36, 819), (819, 346), (346, 490), (490, 804), (804, 111), (111, 616), (616, 573), (573, 743), (743, 126), (126, 0), (0, 27), (27, 476), (476, 488), (488, 91), (91, 512), (512, 392), (392, 633), (633, 93), (93, 98), (98, 568), (568, 112), (112, 119), (119, 135), (135, 38), (38, 334), (334, 642), (642, 73), (73, 802), (802, 423), (423, 304), (304, 691), (691, 472), (472, 576), (576, 592), (592, 447), (447, 386), (386, 869), (869, 657), (657, 205), (205, 771), (771, 781)]
[(448, 251), (251, 149), (149, 736), (736, 698), (698, 893), (893, 78), (78, 56), (56, 943), (943, 707), (707, 372), (372, 531), (531, 719), (719, 395), (395, 333), (333, 762), (762, 533), (533, 116), (116, 188), (188, 884), (884, 170), (170, 908), (908, 467), (467, 416), (416, 198), (198, 606), (606, 903), (903, 238), (238, 568), (568, 551), (551, 620), (620, 265), (265, 495), (495, 104), (104, 642), (642, 510), (510, 803), (803, 423), (423, 591), (591, 158), (158, 625), (625, 315), (315, 532), (532, 273), (273, 811), (811, 601), (601, 449), (449, 785), (785, 107), (107, 781)]
None
